<Nodes>
  0    0.0      0.0      0.0    ;
  1   50.0      0.0      0.0    ;
  2  100.0      0.0      0.0    ;
  3  150.0      0.0      0.0    ;
  4  200.0      0.0      0.0    ;
  5  250.0      0.0      0.0    ;          
  6  300.0      0.0      0.0    ;
  7  350.0      0.0      0.0    ;
  8  400.0      0.0      0.0    ;
 10    0.0     50.0      0.0    ;
 11   50.0     50.0      0.0    ;
 12  100.0     50.0      0.0    ;
 13  150.0     50.0      0.0    ;
 14  200.0     50.0      0.0    ;
 15  250.0     50.0      0.0    ;          
 16  300.0     50.0      0.0    ;
 17  350.0     50.0      0.0    ;
 18  400.0     50.0      0.0    ;
 20    0.0    100.0      0.0    ;
 21   50.0    100.0      0.0    ;
 22  100.0    100.0      0.0    ;
 23  150.0    100.0      0.0    ;
 24  200.0    100.0      0.0    ;
 25  250.0    100.0      0.0    ;          
 26  300.0    100.0      0.0    ;
 27  350.0    100.0      0.0    ;
 28  400.0    100.0      0.0    ;
 30    0.0    150.0      0.0    ;
 31   50.0    150.0      0.0    ;
 32  100.0    150.0      0.0    ;
 33  150.0    150.0      0.0    ;
 34  200.0    150.0      0.0    ;
 35  250.0    150.0      0.0    ;          
 36  300.0    150.0      0.0    ;
 37  350.0    150.0      0.0    ;
 38  400.0    150.0      0.0    ;
 40    0.0    200.0      0.0    ;
 41   50.0    200.0      0.0    ;
 42  100.0    200.0      0.0    ;
 43  150.0    200.0      0.0    ;
 44  200.0    200.0      0.0    ;
 45  250.0    200.0      0.0    ;          
 46  300.0    200.0      0.0    ;
 47  350.0    200.0      0.0    ;
 48  400.0    200.0      0.0    ;
 50    0.0    250.0      0.0    ;
 51   50.0    250.0      0.0    ;
 52  100.0    250.0      0.0    ;
 53  150.0    250.0      0.0    ;
 54  200.0    250.0      0.0    ;
 55  250.0    250.0      0.0    ;          
 56  300.0    250.0      0.0    ;
 57  350.0    250.0      0.0    ;
 58  400.0    250.0      0.0    ;
 60    0.0    300.0      0.0    ;
 61   50.0    300.0      0.0    ;
 62  100.0    300.0      0.0    ;
 63  150.0    300.0      0.0    ;
 64  200.0    300.0      0.0    ;
 65  250.0    300.0      0.0    ;          
 66  300.0    300.0      0.0    ;
 67  350.0    300.0      0.0    ;
 68  400.0    300.0      0.0    ;
</Nodes>

<Elements>
  1 "Shell"  0  1 11 10 ;
  2 "Shell"  1  2 12 11 ;
  3 "Shell"  2  3 13 12 ;
  4 "Shell"  3  4 14 13 ;
  5 "Shell"  4  5 15 14 ;
  6 "Shell"  5  6 16 15 ;
  7 "Shell"  6  7 17 16 ;
  8 "Shell"  7  8 18 17 ;

 11 "Shell" 10 11 21 20 ;
 12 "Shell" 11 12 22 21 ;
 13 "Shell" 12 13 23 22 ;
 14 "Shell" 13 14 24 23 ;
 15 "Shell" 14 15 25 24 ;
 16 "Shell" 15 16 26 25 ;
 17 "Shell" 16 17 27 26 ;
 18 "Shell" 17 18 28 27 ;

 21 "Shell" 20 21 31 30 ;
 22 "Shell" 21 22 32 31 ;
 23 "Shell" 22 23 33 32 ;
 24 "Shell" 23 24 34 33 ;
 25 "Shell" 24 25 35 34 ;
 26 "Shell" 25 26 36 35 ;
 27 "Shell" 26 27 37 36 ;
 28 "Shell" 27 28 38 37 ;

 31 "Shell" 30 31 41 40 ;
 32 "Shell" 31 32 42 41 ;
 33 "Shell" 32 33 43 42 ;
 34 "Shell" 33 34 44 43 ;
 35 "Shell" 34 35 45 44 ;
 36 "Shell" 35 36 46 45 ;
 37 "Shell" 36 37 47 46 ;
 38 "Shell" 37 38 48 47 ;

 41 "Shell" 40 41 51 50 ;
 42 "Shell" 41 42 52 51 ;
 43 "Shell" 42 43 53 52 ;
 44 "Shell" 43 44 54 53 ;
 45 "Shell" 44 45 55 54 ;
 46 "Shell" 45 46 56 55 ;
 47 "Shell" 46 47 57 56 ;
 48 "Shell" 47 48 58 57 ;

 51 "Shell" 50 51 61 60 ;
 52 "Shell" 51 52 62 61 ;
 53 "Shell" 52 53 63 62 ;
 54 "Shell" 53 54 64 63 ;
 55 "Shell" 54 55 65 64 ;
 56 "Shell" 55 56 66 65 ;
 57 "Shell" 56 57 67 66 ;
 58 "Shell" 57 58 68 67 ;
</Elements>

<NodeGroup name = "bound" >
  0 1 2 3 4 5 6 7 8 10 20 30 40 50 60 61 62 63 64 65 66 67 68 18 28 38 48 58 
</NodeGroup>

<NodeConstraints>
  u[bound]  = 0.0;
  v[bound]  = 0.0;
  w[bound]  = 0.0;
</NodeConstraints>

<ExternalForces>
</ExternalForces>
